     841       0     841
  3299  3000    2   2  1684
  3301  3000    2   2  1684
  3303  3000    2   2  1345
  3305  3000    2   2  1433
  3307  3000    2   2  1954
  3309  3000    2   2  2315
  3311  3000    2   2  2306
  3313  3000    2   2  2403
  3315  3000    2   2  2638
  3317  3000    2   2  2647
  3319  3000    2   2  2694
  3321  3000    2   2  3099
  3323  3000    2   2  3334
  3325  3000    2   2  3354
  3327  3000    2   2  3382
  3329  3000    2   2  3386
  3331  3000    2   2  3111
  3333  3000    2   2  1649
  3335  3000    2   2  2206
  3337  3000    2   2  3442
  3339  3000    2   2  3770
  3341  3000    2   2  3595
  3343  3000    2   2  3543
  3345  3000    2   2  3471
  3347  3000    2   2  3655
  3349  3000    2   2  3834
  3351  3000    2   2  3876
  3353  3000    2   2  3436
  3355  3000    2   2  3007
  3357  3000    2   2  2669
  3359  3000    2   2  2414
  3361  3000    2   2  2473
  3363  3000    2   2  2570
  3365  3000    2   2  2523
  3367  3000    2   2  2269
  3369  3000    2   2  2063
  3371  3000    2   2  2061
  3373  3000    2   2  1952
  3375  3000    2   2  1868
  3377  3000    2   2  1808
  3379  3000    2   2  1759
  3381  3000    2   2  1688
  3383  3000    2   2  1638
  3385  3000    2   2  1628
  3387  3000    2   2  1865
  3389  3000    2   2  2030
  3391  3000    2   2  2000
  3393  3000    2   2  2075
  3395  3000    2   2  2416
  3397  3000    2   2  2330
  3399  3000    2   2  2267
  3401  3000    2   2  2745
  3403  3000    2   2  2998
  3405  3000    2   2  2582
  3407  3000    2   2  2036
  3409  3000    2   2  1833
  3411  3000    2   2  1526
  3413  3000    2   2   688
  3415  3000    2   2   655
  3417  3000    2   2  1783
  3419  3000    2   2   503
  3421  3000    2   2   412
  3423  3000    2   2   920
  3425  3000    2   2   920
  3427  3000    2   2   433
  3429  3000    2   2   219
  3431  3000    2   2   253
  3433  3000    2   2   272
  3435  3000    2   2   240
  3437  3000    2   2   225
  3439  3000    2   2   269
  3441  3000    2   2   568
  3443  3000    2   2  1244
  3445  3000    2   2  1568
  3447  3000    2   2  1459
  3449  3000    2   2  1179
  3451  3000    2   2  1228
  3453  3000    2   2  1427
  3455  3000    2   2  1426
  3457  3000    2   2  1333
  3459  3000    2   2  1529
  3461  3000    2   2  1352
  3463  3000    2   2   952
  3465  3000    2   2   743
  3467  3000    2   2   759
  3469  3000    2   2   966
  3471  3000    2   2  1834
  3473  3000    2   2  1135
  3475  3000    2   2  1352
  3477  3000    2   2  1747
  3479  3000    2   2  1787
  3481  3000    2   2  1545
  3483  3000    2   2  1744
  3485  3000    2   2  1984
  3487  3000    2   2  1994
  3489  3000    2   2  1903
  3491  3000    2   2  1688
  3493  3000    2   2  1640
  3495  3000    2   2  1726
  3497  3000    2   2  1767
  3499  3000    2   2  1803
  3501  3000    2   2  1757
  3503  3000    2   2  1791
  3505  3000    2   2  1753
  3507  3000    2   2  1691
  3509  3000    2   2  1618
  3511  3000    2   2  1605
  3513  3000    2   2  1706
  3515  3000    2   2  1750
  3517  3000    2   2  1786
  3519  3000    2   2  1778
  3521  3000    2   2  1691
  3523  3000    2   2  1695
  3525  3000    2   2  1696
  3527  3000    2   2  1624
  3529  3000    2   2  1554
  3531  3000    2   2  1475
  3533  3000    2   2  1376
  3535  3000    2   2  1353
  3537  3000    2   2  1252
  3539  3000    2   2   767
  3541  3000    2   2   187
  3543  3000    2   2    72
  3545  3000    2   2    50
  3547  3000    2   2    34
  3549  3000    2   2    26
  3551  3000    2   2    27
  3553  3000    2   2    32
  3555  3000    2   2    35
  3557  3000    2   2    14
  3559  3000    2   2     1
  3571  3000    2   2     1
  3573  3000    2   2    31
  3575  3000    2   2   141
  3577  3000    2   2   212
  3579  3000    2   2   157
  3581  3000    2   2   113
  3583  3000    2   2   190
  3585  3000    2   2   199
  3587  3000    2   2   242
  3589  3000    2   2   300
  3591  3000    2   2   453
  3593  3000    2   2   821
  3595  3000    2   2  1019
  3597  3000    2   2  1252
  3599  3000    2   2  1403
  3601  3000    2   2  1462
  3603  3000    2   2  1508
  3605  3000    2   2  1560
  3607  3000    2   2  1648
  3609  3000    2   2  1694
  3611  3000    2   2  1650
  3613  3000    2   2  1597
  3615  3000    2   2  1585
  3617  3000    2   2  1489
  3619  3000    2   2  1323
  3621  3000    2   2  1280
  3623  3000    2   2  1373
  3625  3000    2   2  1496
  3627  3000    2   2  1528
  3629  3000    2   2  1438
  3631  3000    2   2  1193
  3633  3000    2   2  1036
  3635  3000    2   2  1058
  3637  3000    2   2  1050
  3639  3000    2   2   774
  3641  3000    2   2   306
  3643  3000    2   2   731
  3645  3000    2   2  1409
  3647  3000    2   2  2714
  3649  3000    2   2  3781
  3651  3000    2   2  2911
  3653  3000    2   2  1979
  3655  3000    2   2  2355
  3657  3000    2   2  3263
  3659  3000    2   2  3750
  3661  3000    2   2  3479
  3663  3000    2   2  2734
  3665  3000    2   2  1764
  3667  3000    2   2   987
  3669  3000    2   2   433
  3671  3000    2   2   293
  3673  3000    2   2   216
  3675  3000    2   2   109
  3677  3000    2   2    42
  3679  3000    2   2    13
  3681  3000    2   2     1
  3695  3000    2   2     1
  3697  3000    2   2   333
  3699  3000    2   2   273
  3701  3000    2   2     1
  3707  3000    2   2     1
  3709  3000    2   2   205
  3711  3000    2   2   275
  3713  3000    2   2   223
  3715  3000    2   2    49
  3717  3000    2   2     1
  3719  3000    2   2     3
  3735  3000    2   2     1
  3737  3000    2   2    30
  3739  3000    2   2   134
  3741  3000    2   2   317
  3743  3000    2   2   312
  3745  3000    2   2   355
  3747  3000    2   2   266
  3749  3000    2   2   142
  3751  3000    2   2   143
  3753  3000    2   2   139
  3755  3000    2   2     1
  3757  3000    2   2   364
  3759  3000    2   2   740
  3761  3000    2   2   259
  3763  3000    2   2    43
  3765  3000    2   2     1
  3771  3000    2   2     4
  3773  3000    2   2     1
  3775  3000    2   2     1
  3777  3000    2   2     1
  3779  3000    2   2     1
  3781  3000    2   2   116
  3783  3000    2   2  1390
  3785  3000    2   2  2488
  3787  3000    2   2  3483
  3789  3000    2   2  4168
  3791  3000    2   2  5107
  3793  3000    2   2  5838
  3795  3000    2   2  6813
  3797  3000    2   2  7879
  3799  3000    2   2  8905
  3801  3000    2   2  9444
  3803  3000    2   2  8801
  3805  3000    2   2  8338
  3807  3000    2   2  7876
  3809  3000    2   2  7402
  3811  3000    2   2  6825
  3813  3000    2   2  6313
  3815  3000    2   2  6081
  3817  3000    2   2  5968
  3819  3000    2   2  5854
  3821  3000    2   2  5802
  3823  3000    2   2  5876
  3825  3000    2   2  5861
  3827  3000    2   2  5725
  3829  3000    2   2  5733
  3831  3000    2   2  5843
  3833  3000    2   2  5748
  3835  3000    2   2  5736
  3837  3000    2   2  5711
  3839  3000    2   2  5669
  3841  3000    2   2  5649
  3843  3000    2   2  5656
  3845  3000    2   2  5592
  3847  3000    2   2  5650
  3849  3000    2   2  5779
  3851  3000    2   2  5828
  3853  3000    2   2  5620
  3855  3000    2   2  5570
  3857  3000    2   2  5617
  3859  3000    2   2  5682
  3861  3000    2   2  5645
  3863  3000    2   2  5618
  3865  3000    2   2  5569
  3867  3000    2   2  5641
  3869  3000    2   2  5750
  3871  3000    2   2  5717
  3873  3000    2   2  5709
  3875  3000    2   2  5712
  3877  3000    2   2  5729
  3879  3000    2   2  5759
  3881  3000    2   2  5807
  3883  3000    2   2  5811
  3885  3000    2   2  5780
  3887  3000    2   2  5773
  3889  3000    2   2  5772
  3891  3000    2   2  5766
  3893  3000    2   2  5758
  3895  3000    2   2  5771
  3897  3000    2   2  5864
  3899  3000    2   2  5932
  3299  3002    2   2  1332
  3899  3002    2   2  5807
  3299  3004    2   2  1448
  3899  3004    2   2  5763
  3299  3006    2   2  1448
  3899  3006    2   2  5759
  3299  3008    2   2  1441
  3899  3008    2   2  5757
  3299  3010    2   2  1441
  3899  3010    2   2  5812
  3299  3012    2   2  1365
  3899  3012    2   2  5783
  3299  3014    2   2  1174
  3899  3014    2   2  5822
  3299  3016    2   2   928
  3899  3016    2   2  5847
  3299  3018    2   2   740
  3899  3018    2   2  5794
  3299  3020    2   2   666
  3899  3020    2   2  5804
  3299  3022    2   2   667
  3899  3022    2   2  5815
  3299  3024    2   2   466
  3899  3024    2   2  5864
  3299  3026    2   2   519
  3899  3026    2   2  5900
  3299  3028    2   2   552
  3899  3028    2   2  5825
  3299  3030    2   2   583
  3899  3030    2   2  5845
  3299  3032    2   2   501
  3899  3032    2   2  5818
  3299  3034    2   2   537
  3899  3034    2   2  5879
  3299  3036    2   2   633
  3899  3036    2   2  5888
  3299  3038    2   2   699
  3899  3038    2   2  5918
  3299  3040    2   2   699
  3899  3040    2   2  5896
  3299  3042    2   2   912
  3899  3042    2   2  5856
  3299  3044    2   2   855
  3899  3044    2   2  5797
  3299  3046    2   2  1007
  3899  3046    2   2  5821
  3299  3048    2   2  1011
  3899  3048    2   2  5796
  3299  3050    2   2  1331
  3899  3050    2   2  5773
  3299  3052    2   2  1853
  3899  3052    2   2  5705
  3299  3054    2   2  1867
  3899  3054    2   2  5741
  3299  3056    2   2  1915
  3899  3056    2   2  5687
  3299  3058    2   2  1815
  3899  3058    2   2  5743
  3299  3060    2   2  1408
  3899  3060    2   2  5737
  3299  3062    2   2  1829
  3899  3062    2   2  5757
  3299  3064    2   2  1924
  3899  3064    2   2  5668
  3299  3066    2   2  1836
  3899  3066    2   2  5570
  3299  3068    2   2  1711
  3899  3068    2   2  5513
  3299  3070    2   2  1756
  3899  3070    2   2  5705
  3299  3072    2   2  1814
  3899  3072    2   2  5663
  3299  3074    2   2  1742
  3899  3074    2   2  5665
  3299  3076    2   2  1711
  3899  3076    2   2  5811
  3299  3078    2   2  1760
  3899  3078    2   2  5771
  3299  3080    2   2  1903
  3899  3080    2   2  5812
  3299  3082    2   2  1915
  3899  3082    2   2  5790
  3299  3084    2   2  1837
  3899  3084    2   2  5840
  3299  3086    2   2  1886
  3899  3086    2   2  5867
  3299  3088    2   2  1979
  3899  3088    2   2  5819
  3299  3090    2   2  2011
  3899  3090    2   2  5958
  3299  3092    2   2  2008
  3899  3092    2   2  6040
  3299  3094    2   2  2004
  3899  3094    2   2  6048
  3299  3096    2   2  2034
  3899  3096    2   2  6039
  3299  3098    2   2  1955
  3899  3098    2   2  5941
  3299  3100    2   2  1992
  3899  3100    2   2  5927
  3299  3102    2   2  1939
  3899  3102    2   2  5757
  3299  3104    2   2  1997
  3899  3104    2   2  5753
  3299  3106    2   2  2044
  3899  3106    2   2  5773
  3299  3108    2   2  1925
  3899  3108    2   2  5741
  3299  3110    2   2  1811
  3899  3110    2   2  5913
  3299  3112    2   2  1738
  3899  3112    2   2  5779
  3299  3114    2   2  1678
  3899  3114    2   2  5720
  3299  3116    2   2  1584
  3899  3116    2   2  5740
  3299  3118    2   2  1421
  3899  3118    2   2  5741
  3299  3120    2   2  1207
  3899  3120    2   2  5787
  3299  3122    2   2   931
  3899  3122    2   2  5724
  3299  3124    2   2   692
  3899  3124    2   2  5721
  3299  3126    2   2   717
  3899  3126    2   2  5670
  3299  3128    2   2   708
  3899  3128    2   2  5643
  3299  3130    2   2   610
  3899  3130    2   2  5606
  3299  3132    2   2   533
  3899  3132    2   2  5563
  3299  3134    2   2   504
  3899  3134    2   2  5716
  3299  3136    2   2   485
  3899  3136    2   2  5732
  3299  3138    2   2   469
  3899  3138    2   2  5430
  3299  3140    2   2   427
  3899  3140    2   2  5295
  3299  3142    2   2   387
  3899  3142    2   2  5367
  3299  3144    2   2   382
  3899  3144    2   2  5495
  3299  3146    2   2   375
  3899  3146    2   2  5837
  3299  3148    2   2   373
  3899  3148    2   2  5704
  3299  3150    2   2   377
  3899  3150    2   2  5785
  3299  3152    2   2   380
  3899  3152    2   2  5820
  3299  3154    2   2   381
  3899  3154    2   2  5951
  3299  3156    2   2   391
  3899  3156    2   2  6321
  3299  3158    2   2   408
  3899  3158    2   2  5658
  3299  3160    2   2   433
  3899  3160    2   2  5107
  3299  3162    2   2   459
  3899  3162    2   2  5233
  3299  3164    2   2   485
  3899  3164    2   2  5699
  3299  3166    2   2   512
  3899  3166    2   2  5664
  3299  3168    2   2   530
  3899  3168    2   2  5426
  3299  3170    2   2   583
  3899  3170    2   2  5570
  3299  3172    2   2   658
  3899  3172    2   2  5647
  3299  3174    2   2   724
  3899  3174    2   2  5639
  3299  3176    2   2   778
  3899  3176    2   2  5549
  3299  3178    2   2   878
  3899  3178    2   2  5386
  3299  3180    2   2   961
  3899  3180    2   2  5033
  3299  3182    2   2   993
  3899  3182    2   2  4879
  3299  3184    2   2  1023
  3899  3184    2   2  4987
  3299  3186    2   2  1173
  3899  3186    2   2  4788
  3299  3188    2   2  1393
  3899  3188    2   2  4565
  3299  3190    2   2  1639
  3899  3190    2   2  4844
  3299  3192    2   2  1615
  3899  3192    2   2  5260
  3299  3194    2   2  1195
  3899  3194    2   2  5809
  3299  3196    2   2  1151
  3899  3196    2   2  6531
  3299  3198    2   2  1191
  3899  3198    2   2  6153
  3299  3200    2   2  1153
  3899  3200    2   2  5250
  3299  3202    2   2  1075
  3899  3202    2   2  4719
  3299  3204    2   2  1063
  3899  3204    2   2  4632
  3299  3206    2   2  1079
  3899  3206    2   2  4829
  3299  3208    2   2  1017
  3899  3208    2   2  5386
  3299  3210    2   2   967
  3899  3210    2   2  5340
  3299  3212    2   2   913
  3899  3212    2   2  5176
  3299  3214    2   2   731
  3899  3214    2   2  5374
  3299  3216    2   2   613
  3899  3216    2   2  5393
  3299  3218    2   2   491
  3899  3218    2   2  5404
  3299  3220    2   2   383
  3899  3220    2   2  5555
  3299  3222    2   2   324
  3899  3222    2   2  5552
  3299  3224    2   2   174
  3899  3224    2   2  5437
  3299  3226    2   2   158
  3899  3226    2   2  5373
  3299  3228    2   2   134
  3899  3228    2   2  5483
  3299  3230    2   2   112
  3899  3230    2   2  5648
  3299  3232    2   2   100
  3899  3232    2   2  5586
  3299  3234    2   2    96
  3899  3234    2   2  5616
  3299  3236    2   2    95
  3899  3236    2   2  5622
  3299  3238    2   2    92
  3899  3238    2   2  5637
  3299  3240    2   2    88
  3899  3240    2   2  5746
  3299  3242    2   2    83
  3899  3242    2   2  5659
  3299  3244    2   2    75
  3899  3244    2   2  5650
  3299  3246    2   2    67
  3899  3246    2   2  5707
  3299  3248    2   2    59
  3899  3248    2   2  5756
  3299  3250    2   2    20
  3899  3250    2   2  5670
  3299  3252    2   2     1
  3899  3252    2   2  5703
  3899  3254    2   2  5810
  3899  3256    2   2  5861
  3899  3258    2   2  5833
  3899  3260    2   2  5761
  3899  3262    2   2  5677
  3899  3264    2   2  5605
  3899  3266    2   2  5520
  3899  3268    2   2  5745
  3899  3270    2   2  5854
  3899  3272    2   2  5715
  3899  3274    2   2  5615
  3899  3276    2   2  5608
  3899  3278    2   2  5737
  3899  3280    2   2  5769
  3899  3282    2   2  5689
  3899  3284    2   2  5495
  3899  3286    2   2  5692
  3899  3288    2   2  5896
  3899  3290    2   2  5800
  3899  3292    2   2  5839
  3899  3294    2   2  5942
  3899  3296    2   2  5816
  3299  3298    2   2     1
  3899  3298    2   2  5692
  3299  3300    2   2    24
  3899  3300    2   2  5763
  3299  3302    2   2    50
  3899  3302    2   2  5711
  3299  3304    2   2    49
  3899  3304    2   2  5646
  3299  3306    2   2    11
  3899  3306    2   2  5727
  3299  3308    2   2     1
  3899  3308    2   2  5839
  3899  3310    2   2  5855
  3899  3312    2   2  5852
  3899  3314    2   2  5900
  3899  3316    2   2  5867
  3899  3318    2   2  5796
  3899  3320    2   2  5728
  3899  3322    2   2  5673
  3899  3324    2   2  5658
  3899  3326    2   2  5661
  3899  3328    2   2  5658
  3899  3330    2   2  5665
  3899  3332    2   2  5668
  3899  3334    2   2  5600
  3899  3336    2   2  5672
  3899  3338    2   2  5710
  3899  3340    2   2  5683
  3899  3342    2   2  5679
  3899  3344    2   2  5656
  3899  3346    2   2  5701
  3899  3348    2   2  5763
  3899  3350    2   2  5697
  3899  3352    2   2  5701
  3899  3354    2   2  5667
  3899  3356    2   2  5686
  3899  3358    2   2  5766
  3899  3360    2   2  5752
  3899  3362    2   2  5690
  3899  3364    2   2  5650
  3899  3366    2   2  5569
  3899  3368    2   2  5455
  3899  3370    2   2  5373
  3899  3372    2   2  5364
  3899  3374    2   2  5292
  3899  3376    2   2  5231
  3899  3378    2   2  5239
  3899  3380    2   2  5256
  3899  3382    2   2  5071
  3899  3384    2   2  4805
  3899  3386    2   2  4639
  3899  3388    2   2  4227
  3899  3390    2   2  3922
  3899  3392    2   2  4491
  3899  3394    2   2  4443
  3899  3396    2   2  4429
  3899  3398    2   2  4534
  3899  3400    2   2  4562
  3899  3402    2   2  4239
  3899  3404    2   2  3988
  3899  3406    2   2  3910
  3899  3408    2   2  3933
  3899  3410    2   2  4047
  3899  3412    2   2  3959
  3899  3414    2   2  4441
  3899  3416    2   2  4423
  3899  3418    2   2  3829
  3899  3420    2   2  3941
  3899  3422    2   2  3760
  3899  3424    2   2  3860
  3899  3426    2   2  4253
  3899  3428    2   2  4480
  3899  3430    2   2  4496
  3899  3432    2   2  4281
  3899  3434    2   2  4206
  3899  3436    2   2  4159
  3899  3438    2   2  4259
  3899  3440    2   2  4122
  3899  3442    2   2  4130
  3899  3444    2   2  4283
  3899  3446    2   2  4582
  3899  3448    2   2  4966
  3899  3450    2   2  4912
  3899  3452    2   2  4536
  3899  3454    2   2  4440
  3899  3456    2   2  4729
  3899  3458    2   2  4864
  3899  3460    2   2  4843
  3899  3462    2   2  4768
  3899  3464    2   2  4839
  3899  3466    2   2  4956
  3899  3468    2   2  5024
  3899  3470    2   2  5034
  3899  3472    2   2  5086
  3899  3474    2   2  4972
  3899  3476    2   2  5083
  3899  3478    2   2  5420
  3899  3480    2   2  5469
  3899  3482    2   2  5386
  3899  3484    2   2  5500
  3899  3486    2   2  5519
  3899  3488    2   2  5434
  3899  3490    2   2  5452
  3899  3492    2   2  5201
  3899  3494    2   2  5041
  3899  3496    2   2  5315
  3899  3498    2   2  5502
  3899  3500    2   2  5567
  3899  3502    2   2  5699
  3899  3504    2   2  5759
  3899  3506    2   2  5837
  3899  3508    2   2  4967
  3899  3510    2   2  3542
  3899  3512    2   2  3349
  3899  3514    2   2  3538
  3899  3516    2   2  3567
  3899  3518    2   2  3311
  3899  3520    2   2  3311
  3899  3522    2   2  2975
  3899  3524    2   2  2391
  3899  3526    2   2  2108
  3899  3528    2   2  2234
  3899  3530    2   2  2371
  3899  3532    2   2  2394
  3899  3534    2   2  2269
  3899  3536    2   2  1943
  3899  3538    2   2  1697
  3899  3540    2   2  1430
  3899  3542    2   2  1015
  3899  3544    2   2   654
  3899  3546    2   2   303
  3899  3548    2   2   236
  3899  3550    2   2    46
  3899  3552    2   2   279
  3899  3554    2   2   605
  3899  3556    2   2   630
  3899  3558    2   2   530
  3899  3560    2   2   449
  3899  3562    2   2   298
  3899  3564    2   2   461
  3899  3566    2   2   612
  3899  3568    2   2   776
  3899  3570    2   2   851
  3899  3572    2   2   902
  3899  3574    2   2  1012
  3899  3576    2   2  1071
  3899  3578    2   2   867
  3899  3580    2   2   726
  3899  3582    2   2   572
  3899  3584    2   2   478
  3899  3586    2   2   532
  3899  3588    2   2   553
  3899  3590    2   2   577
  3899  3592    2   2   720
  3899  3594    2   2   871
  3899  3596    2   2   578
  3899  3598    2   2   564
  3457  3600    2   2     1
  3459  3600    2   2     1
  3483  3600    2   2     1
  3489  3600    2   2     1
  3597  3600    2   2     1
  3599  3600    2   2     1
  3613  3600    2   2     1
  3637  3600    2   2     1
  3639  3600    2   2     1
  3647  3600    2   2     1
  3649  3600    2   2     8
  3651  3600    2   2    12
  3653  3600    2   2    10
  3657  3600    2   2     1
  3659  3600    2   2     1
  3669  3600    2   2     1
  3671  3600    2   2     2
  3673  3600    2   2    13
  3675  3600    2   2    20
  3677  3600    2   2    26
  3679  3600    2   2    34
  3681  3600    2   2    44
  3683  3600    2   2    50
  3685  3600    2   2    53
  3687  3600    2   2    51
  3689  3600    2   2    49
  3691  3600    2   2    51
  3693  3600    2   2    51
  3695  3600    2   2    51
  3697  3600    2   2    51
  3699  3600    2   2    51
  3701  3600    2   2    51
  3703  3600    2   2    51
  3705  3600    2   2    51
  3707  3600    2   2    52
  3709  3600    2   2    52
  3711  3600    2   2    52
  3713  3600    2   2    53
  3715  3600    2   2    53
  3717  3600    2   2    53
  3719  3600    2   2    53
  3721  3600    2   2    53
  3723  3600    2   2    52
  3725  3600    2   2    52
  3727  3600    2   2    52
  3729  3600    2   2    51
  3731  3600    2   2    51
  3733  3600    2   2    51
  3735  3600    2   2    51
  3737  3600    2   2    51
  3739  3600    2   2    51
  3741  3600    2   2    51
  3743  3600    2   2    51
  3745  3600    2   2    51
  3747  3600    2   2    51
  3749  3600    2   2    52
  3751  3600    2   2    53
  3753  3600    2   2    53
  3755  3600    2   2    53
  3757  3600    2   2    53
  3759  3600    2   2    53
  3761  3600    2   2    53
  3763  3600    2   2    54
  3765  3600    2   2    55
  3767  3600    2   2    55
  3769  3600    2   2    55
  3771  3600    2   2    57
  3773  3600    2   2    57
  3775  3600    2   2    59
  3777  3600    2   2    59
  3779  3600    2   2    61
  3781  3600    2   2    62
  3783  3600    2   2    63
  3785  3600    2   2    65
  3787  3600    2   2    66
  3789  3600    2   2    68
  3791  3600    2   2    70
  3793  3600    2   2    72
  3795  3600    2   2    75
  3797  3600    2   2    81
  3799  3600    2   2    87
  3801  3600    2   2    95
  3803  3600    2   2   101
  3805  3600    2   2   106
  3807  3600    2   2   112
  3809  3600    2   2   127
  3811  3600    2   2   144
  3813  3600    2   2   159
  3815  3600    2   2   167
  3817  3600    2   2   171
  3819  3600    2   2   175
  3821  3600    2   2   179
  3823  3600    2   2   184
  3825  3600    2   2   190
  3827  3600    2   2   204
  3829  3600    2   2   243
  3831  3600    2   2   293
  3833  3600    2   2   347
  3835  3600    2   2   393
  3837  3600    2   2   418
  3839  3600    2   2   454
  3841  3600    2   2   520
  3843  3600    2   2   628
  3845  3600    2   2   786
  3847  3600    2   2   898
  3849  3600    2   2   793
  3851  3600    2   2   520
  3853  3600    2   2   580
  3855  3600    2   2   693
  3857  3600    2   2   796
  3859  3600    2   2   819
  3861  3600    2   2   800
  3863  3600    2   2   761
  3865  3600    2   2   693
  3867  3600    2   2   646
  3869  3600    2   2   712
  3871  3600    2   2   737
  3873  3600    2   2   721
  3875  3600    2   2   698
  3877  3600    2   2   670
  3879  3600    2   2   561
  3881  3600    2   2   547
  3883  3600    2   2   615
  3885  3600    2   2   594
  3887  3600    2   2   545
  3889  3600    2   2   529
  3891  3600    2   2   455
  3893  3600    2   2   316
  3895  3600    2   2   117
  3897  3600    2   2   254
  3899  3600    2   2   513
